driver_id,season,event,driver,constructor,team,grid,v02_XW,v02_XP,regulation_era,race_distance_laps,wet_fraction,track_temperature,air_temperature,wind_speed,circuit_id,overtake_index,weather_source,round,date,source,observed_winner,position,status,positions_gained,overtake_proxy_raw,circuit_history_races,overtake_source,status_class,observed_performance,rating_eligible,pre_rating,season_reversion_delta,driver_expected_from_rating,driver_score_raw_revised,car_score_raw_revised,team_score_raw_revised,XdW_score_revised,XcW_score_revised,XtW_score_revised,car_effective_prior_races,XW,XP,expected_position,XW_simulated,XW_lower_95,XW_upper_95,XdW_score,XcW_score,XtW_score,XdW_probability_contribution,XcW_probability_contribution,XtW_probability_contribution,XdP_performance_contribution,XcP_performance_contribution,XtP_performance_contribution,XP_neutral_baseline,XW_neutral_baseline,XW_with_neutral_driver,XW_with_neutral_car,XW_with_neutral_team,driver_direct_uplift,car_direct_uplift,team_direct_uplift,driver_above_car_expectation,analysis_mode,neutral_reference,data_quality,model_confidence,decomposition_error,xp_decomposition_error,XW_raw_revised,XP_raw_revised,XW_neutral_revised,XP_neutral_revised,xw_calibration_shrinkage,xp_calibration_shrinkage,xw_calibration_adjustment,xp_calibration_adjustment,win_surprise,performance_surprise,raw_rating_delta,field_centering_adjustment,rating_delta,teammate_rating_delta,post_rating,model_version,car_prior_scope,rating_update_method,driver_name_key,driver_id_f1db,constructor_id_f1db,entrant_id,car_model_id,car_model_candidates,car_identity_resolution,model_entity_id,reason_retired_f1db,status_class_f1db,qualifying_position,qualifying_position_text,qualifying_eligible,qualifying_laps,qualifying_time,f1db_joined,clean_pass_proxy_eligible,clean_grid_rank,clean_finish_rank,clean_positions_gained,car_fit_eligible,field_performance,relative_performance,current_car_score_raw,constructor_prior_z_x,prior_weight_total_x,car_suitability_score_v6,expected_car_win_v6,car_model_scope_v6,car_prior_scope_v6,qualifying_rating_carried_v6,pre_qualifying_rating_v6,pre_session_strength,qualifying_delta_v6,pre_race_rating_v6,post_event_rating_v6,layout_key,straight_demand,altitude_demand,top_three_straight_share,straight_600_1000_track_share,straight_over_1000_track_share,radius_under_50_distance_share,radius_50_90_distance_share,radius_90_150_distance_share,radius_150_250_distance_share,radius_250_450_distance_share,steady_long_turn_distance_share,opposite_direction_links_per_km,same_direction_links_per_km,multi_turn_complexes_per_km,multi_apex_turns_per_km,tightening_turns_per_km,approach_severity_per_km,top_three_turning_share,current_car_score_raw_v7_6,constructor_prior_z_y,prior_weight_total_y,car_suitability_score_v7_6,expected_car_win_v7_6,car_model_scope_v7_6,car_prior_scope_v7_6,shape_topology_quality,car_suitability_model_branch_v7_6,car_suitability_score_v6_baseline,expected_car_win_v6_baseline,car_model_scope_v6_baseline,retrospective_pre_race_rating,driver_context_adjustment,result_order,finish_position_text,gap_laps,winner_race_time_seconds,winner_race_laps,cumulative_gap_share,cumulative_gap_reliability,cumulative_gap_quality,race_completion_fraction_v7_4,race_completion_reliability_v7_4,race_completion_quality_v7_4,pairwise_pre_race_strength_v7_4,field_xw_v7_4,margin_comparison_count,margin_comparison_weight,weighted_pair_gap_residual,same_car_margin_comparisons,eligible_timed_field_size,margin_race_completion_reliability,mean_pair_gap_residual_score,margin_pair_coverage,margin_field_depth_factor,raw_pairwise_margin_performance_adjustment,crossfit_car_margin_component,crossfit_car_margin_effective_rows,crossfit_car_margin_other_drivers,driver_margin_adjustment_before_centering,pairwise_margin_performance_adjustment,observed_performance_position_only,gap_adjusted_observed_performance,pairwise_margin_model,event_index,season_rounds,calendar_reference_rounds,calendar_k_multiplier,effective_race_k,effective_qualifying_k,effective_max_race_delta,effective_max_qualifying_delta,scheduled_race_k_budget,scheduled_qualifying_k_budget,retrospective_pre_qualifying_rating,retrospective_debut_anchor,inactivity_seasons,return_uncertainty_multiplier,driver_context_prior_samples,retrospective_qualifying_delta,retrospective_driver_expected_from_rating,retrospective_expected_performance,retrospective_performance_residual,retrospective_race_delta,retrospective_post_rating,retrospective_rating,debut_rating_frozen,rating_history_scope
hamilton,2016,Canadian Grand Prix,Lewis Hamilton,Mercedes,Mercedes,1,0.38005520141653715,0.9430188037429856,2014-2016_hybrid,70,0.0,12.139999999999999,12.139999999999999,6.926,villeneuve,0.5234431940840549,open_meteo_era5_air_temperature_track_proxy,7,2016-06-12,jolpica_cross_fitted_xw_xp,1.0,1,Finished,0.0,2.1967714555161746,8,prior_same_circuit_grid_movement,finished,1.0426015046226267,True,2023.9854311456672,0.0,0.831280793416272,2.0743083391147024,-0.08736094045615542,1.2824922661078517,0.9334387526016161,-0.10920117557019426,0.19237383991617776,2.69260896480704,0.08801809614513045,0.7288085329568236,6.695020807906705,0.12,0.0299252577022837,0.21007474229771628,0.9334387526016161,-0.10920117557019426,0.19237383991617776,0.053969517327745214,-0.06826102027685163,0.007801366821248497,0.11009801763082905,-0.07302685641104553,0.018448154171765003,0.6982729094914719,0.09321020504741678,0.041745986810762345,0.17325864237485203,0.08314942728419321,0.044974082108796526,-0.08653857345529316,0.0035706416353656623,0.044974082108796526,cross_fitted,season_grid_average,example_precomputed_capabilities,0.7219407095647259,6.938893903907228e-18,1.3877787807814457e-17,0.08672006891955887,0.7537922248830204,0.09321020504741678,0.6982729094914719,0.2,0.44999999999999996,0.0012980272255715825,-0.02498369192619687,0.9119819038548695,0.2711914670431764,26.769012099294045,-1.3316401967148366,25.43737190257921,0.0,2049.4228030482464,revised_v3_parallel,prior_similar_races_current_season_only,field_centered_bounded_no_teammate_term,lewishamilton,lewis-hamilton,mercedes,mercedes-amg-petronas-f1-team,mercedes-f1-w07,mercedes-f1-w07,exact_chassis,mercedes-f1-w07,,finished,1.0,1,True,21.0,1:12.812,True,True,1.0,1.0,0.0,True,0.5714285714285715,0.4285714285714285,0.34244211183779144,1.9055744566700847,0.11948928114196937,1.2783557600184956,0.605636684011323,full_same_season_static_retrospective_baseline_v6,constructor_lineage_regulation_and_stability_shrunk,129.78759445632397,2153.7730256019913,2004.6229727457703,0.5672584790055669,2154.3402840809968,2179.7776559835756,9f29a0d7fa5d3d46,0.3129678225554514,0.0044,,,,,,,,,,,,,,,,,0.3448860087855225,1.9055744566700847,0.11948928114196937,1.2783557600184956,0.605636684011323,full_same_season_static_retrospective_baseline_v6,constructor_lineage_regulation_and_stability_shrunk,review,baseline_v6_topology_fallback,1.725614035879351,0.7168815450053805,full_same_season_static_retrospective,1903.321293271393,0.0390312320974939,1,1,,5465.296,70.0,0.0,1.0,winner_origin,,1.0,scheduled_distance_unavailable_assume_full,2017.0637666297582,0.15387592332693406,18.0,16.4,1.3349757780994074,1.0,19.0,1.0,0.08140096207923217,1.0,0.9733285267845752,0.03169195139977045,-0.00645315458894243,15.3707625544601,1,0.03814510598871288,0.0426015046226266,1.0,1.0426015046226267,all_field_expected_seconds_gap_residual_same_car_crossfit_v7_4,930,21,16.0,0.7619047619047619,18.285714285714285,4.571428571428571,21.333333333333332,6.857142857142857,384.0,96.0,1902.3545119442906,1558.676015835862,0,1.0,161,0.9667813271024451,0.7236533908044341,0.830740456625914,0.21186104799671268,3.0800929519691813,1906.4013862233621,1906.4013862233621,1686.4110045328134,retrospective_first_five_backcast_previous_season_anchor_frozen_v7_5
vettel,2016,Canadian Grand Prix,Sebastian Vettel,Ferrari,Ferrari,3,0.2081141018418286,0.9058613809997964,2014-2016_hybrid,70,0.0,12.139999999999999,12.139999999999999,6.926,villeneuve,0.5234431940840549,open_meteo_era5_air_temperature_track_proxy,7,2016-06-12,jolpica_cross_fitted_xw_xp,0.0,2,Finished,1.0,2.1967714555161746,8,prior_same_circuit_grid_movement,finished,1.0104882588430428,True,2073.3201817847844,0.0,0.8557072659346002,2.3070837303363736,-0.2698914994594891,-1.8099988765043975,1.0381876786513682,-0.3373643743243614,-0.2714998314756596,2.69260896480704,0.05354032902533906,0.6583698715228624,8.174232698019889,0.06,0.0,0.12582799404508693,1.0381876786513682,-0.3373643743243614,-0.2714998314756596,0.04288051034899158,-0.06125832449595051,-0.013881706435522693,0.12927726304181836,-0.1047683368033496,-0.03316165677833325,0.6631288733197879,0.07934794549132436,0.022052573783798376,0.1174982744118029,0.060634589616544436,0.025035851125044358,-0.07040984950296017,-0.013546164707701702,0.025035851125044358,cross_fitted,season_grid_average,example_precomputed_capabilities,0.7219407095647259,0.0,6.938893903907228e-18,0.047088424908842734,0.6544761427799234,0.07934794549132436,0.6631288733197879,0.2,0.44999999999999996,0.006451904116496328,0.003893728742939029,-0.05354032902533906,0.2940110808580899,4.00723155883748,-1.331640196714838,2.6755913621226424,0.0,2075.995773146907,revised_v3_parallel,prior_similar_races_current_season_only,field_centered_bounded_no_teammate_term,sebastianvettel,sebastian-vettel,ferrari,scuderia-ferrari,ferrari-sf16-h,ferrari-sf16-h,exact_chassis,ferrari-sf16-h,,finished,3.0,3,True,24.0,1:12.990,True,True,3.0,2.0,1.0,True,0.5714285714285715,0.3809523809523808,0.20335081186298637,1.0425424681949271,0.11948928114196937,0.7446509863462919,0.13181632720309452,full_same_season_static_retrospective_baseline_v6,constructor_lineage_regulation_and_stability_shrunk,64.3771440173547,2137.697325802139,1875.433686285029,0.12120000145985761,2137.8185258035987,2140.4941171657215,9f29a0d7fa5d3d46,0.3129678225554514,0.0044,,,,,,,,,,,,,,,,,0.20320886096374996,1.0425424681949271,0.11948928114196937,0.7446509863462919,0.13181632720309452,full_same_season_static_retrospective_baseline_v6,constructor_lineage_regulation_and_stability_shrunk,review,baseline_v6_topology_fallback,1.0295122460837636,0.09810598375504428,full_same_season_static_retrospective,1816.807272558685,0.07627711345176265,2,2,,5465.296,70.0,0.0009168762314063136,1.0,exact_seconds,,1.0,scheduled_distance_unavailable_assume_full,1902.2318529346774,0.09893720722713771,18.0,16.4,2.6163513451636944,1.0,19.0,1.0,0.15953361860754237,1.0,0.9733285267845752,0.0621114487887566,0.008460540960579754,13.410718915305882,1,0.053650907828176844,0.05810730646209056,0.9523809523809523,1.0104882588430428,all_field_expected_seconds_gap_residual_same_car_crossfit_v7_4,930,21,16.0,0.7619047619047619,18.285714285714285,4.571428571428571,21.333333333333332,6.857142857142857,384.0,96.0,1815.8616073773255,1558.676015835862,0,1.0,146,0.9456651813596432,0.6502077938158395,0.7736539850718577,0.23683427377118516,3.5367462232738207,1820.344018781959,1820.344018781959,1481.0763138175491,retrospective_first_five_backcast_previous_season_anchor_frozen_v7_5
bottas,2016,Canadian Grand Prix,Valtteri Bottas,Williams,Williams,7,0.06362179649684942,0.8123962802181295,2014-2016_hybrid,70,0.0,12.139999999999999,12.139999999999999,6.926,villeneuve,0.5234431940840549,open_meteo_era5_air_temperature_track_proxy,7,2016-06-12,jolpica_cross_fitted_xw_xp,0.0,3,Finished,4.0,2.1967714555161746,8,prior_same_circuit_grid_movement,finished,0.9963373316293187,True,1460.6449707350173,0.0,0.4017926095218075,-0.5836922459558959,1.1337193710210658,1.2824922661078517,-0.26266151068015314,1.4171492137763322,0.19237383991617776,2.69260896480704,0.08167870973222395,0.6803019044156002,7.713660007272395,0.08,0.0048013617144565535,0.15519863828554345,-0.26266151068015314,1.4171492137763322,0.19237383991617776,-0.01694607980094466,0.04221697409304366,0.00495045927829915,-0.03898086931654349,0.18524728259981232,0.020929166808116625,0.5883443353653383,0.05750162687590542,0.10383766786331829,0.0446584902336054,0.08335334274237013,-0.016114687417014717,0.04306449021269817,0.004369637703933435,-0.016114687417014717,cross_fitted,season_grid_average,example_precomputed_capabilities,0.7219407095647259,0.0,0.0,0.08772298044630357,0.7555399154567237,0.05750162687590542,0.5883443353653383,0.2,0.44999999999999996,-0.006044270714079619,-0.07523801104112349,-0.08167870973222395,0.22446000034630453,2.0799909726601067,-1.331640196714838,0.7483507759452688,0.0,1461.3933215109626,revised_v3_parallel,prior_similar_races_current_season_only,field_centered_bounded_no_teammate_term,valtteribottas,valtteri-bottas,williams,williams-martini-racing,williams-fw38,williams-fw38,exact_chassis,williams-fw38,,finished,7.0,7,True,20.0,1:13.670,True,True,7.0,3.0,4.0,True,0.5714285714285715,0.33333333333333326,0.059567985203057804,0.5467905338951616,0.11948928114196937,0.24071786249884244,0.031236914976583808,full_same_season_static_retrospective_baseline_v6,constructor_lineage_regulation_and_stability_shrunk,63.640268832532485,1524.2852395675498,1716.4732720547763,1.4423369905786398,1525.7275765581285,1526.4759273340737,9f29a0d7fa5d3d46,0.3129678225554514,0.0044,,,,,,,,,,,,,,,,,0.058506179453277546,0.5467905338951616,0.11948928114196937,0.24071786249884244,0.031236914976583808,full_same_season_static_retrospective_baseline_v6,constructor_lineage_regulation_and_stability_shrunk,review,baseline_v6_topology_fallback,0.3522399518628683,0.014167982473347883,full_same_season_static_retrospective,1697.8856421766918,0.08136800782304165,3,3,,5465.296,70.0,0.008493958973127895,1.0,exact_seconds,,1.0,scheduled_distance_unavailable_assume_full,1713.281930425995,0.04783487171386195,18.0,14.399999999999999,2.391025899896371,0.0,19.0,1.0,0.16604346527058134,1.0,0.9733285267845752,0.06464593657360829,-0.02247309165989191,12.778154175554821,1,0.08711902823350019,0.0915754268674139,0.9047619047619048,0.9963373316293187,all_field_expected_seconds_gap_residual_same_car_crossfit_v7_4,930,21,16.0,0.7619047619047619,18.285714285714285,4.571428571428571,21.333333333333332,6.857142857142857,384.0,96.0,1697.2158430548689,1615.7855300468177,0,1.0,58,0.6697991218229679,0.5385588473891751,0.6396940903157483,0.3566432413135704,5.727538772620294,1703.6131809493122,1703.6131809493122,1586.0486905239447,retrospective_first_five_backcast_previous_season_anchor_frozen_v7_5
max_verstappen,2016,Canadian Grand Prix,Max Verstappen,Red Bull,Red Bull,5,0.037693240003879996,0.7639655148121097,2014-2016_hybrid,70,0.0,12.139999999999999,12.139999999999999,6.926,villeneuve,0.5234431940840549,open_meteo_era5_air_temperature_track_proxy,7,2016-06-12,jolpica_cross_fitted_xw_xp,0.0,4,Finished,1.0,2.1967714555161746,8,prior_same_circuit_grid_movement,finished,0.9232423206382279,True,1500.6228698412285,0.0,0.4370310794569063,-0.3950651426643214,1.6108804780329784,1.2824922661078517,-0.17777931419894463,2.013600597541223,0.19237383991617776,2.69260896480704,0.1649586497688284,0.7541187164082431,6.163506955426894,0.16,0.05838198584896476,0.26161801415103525,-0.17777931419894463,2.013600597541223,0.19237383991617776,-0.019460432424990765,0.1324607639183049,0.008763872208742826,-0.024369432132274695,0.23857273157372932,0.018048860259851772,0.6263800285725246,0.06754728680718282,0.21033081719223143,0.05581210237051267,0.1782969108502426,-0.02101932668299164,0.1334993881387271,0.011014579658997187,-0.02101932668299164,cross_fitted,season_grid_average,example_precomputed_capabilities,0.7219407095647259,0.0,0.0,0.1893114905092398,0.858632188273831,0.06754728680718282,0.6263800285725246,0.2,0.44999999999999996,-0.024352840740411386,-0.1045134718655879,-0.1649586497688284,0.10302414073461408,-2.1045730612288285,-1.331640196714838,-3.4362132579436664,0.0,1497.186656583285,revised_v3_parallel,prior_similar_races_current_season_only,field_centered_bounded_no_teammate_term,maxverstappen,max-verstappen,red-bull,red-bull-racing,red-bull-rb12,red-bull-rb12,exact_chassis,red-bull-rb12,,finished,5.0,5,True,24.0,1:13.414,True,True,5.0,4.0,1.0,True,0.5714285714285715,0.2857142857142857,0.24984216406654386,0.5907306606678964,0.11948928114196937,0.8497223562640264,0.17796971708350195,full_same_season_static_retrospective_baseline_v6,constructor_lineage_regulation_and_stability_shrunk,17.442760580296458,1518.065630421525,1676.8151565228904,1.747855516868479,1519.8134859383933,1516.3772726804498,9f29a0d7fa5d3d46,0.3129678225554514,0.0044,,,,,,,,,,,,,,,,,0.2523915248351523,0.5907306606678964,0.11948928114196937,0.8497223562640264,0.17796971708350195,full_same_season_static_retrospective_baseline_v6,constructor_lineage_regulation_and_stability_shrunk,review,baseline_v6_topology_fallback,1.1831704348419714,0.15218117588393915,full_same_season_static_retrospective,1610.1335312241283,0.06695768461066355,4,4,,5465.296,70.0,0.009701212889475702,1.0,exact_seconds,,1.0,scheduled_distance_unavailable_assume_full,1660.3568202712888,0.03902477852979926,18.0,16.4,3.0361334452798414,1.0,19.0,1.0,0.1851300881268196,1.0,0.9733285267845752,0.07207695837599036,0.010433893514533379,18.742745136636962,2,0.06164306486145698,0.0660994634953707,0.8571428571428572,0.9232423206382279,all_field_expected_seconds_gap_residual_same_car_crossfit_v7_4,930,21,16.0,0.7619047619047619,18.285714285714285,4.571428571428571,21.333333333333332,6.857142857142857,384.0,96.0,1608.8373680217683,1629.7265680024072,0,1.0,21,1.296163202359937,0.4531385435309552,0.588943635296295,0.33429868534193286,5.318952606281779,1615.45248383041,1615.45248383041,1577.675665102829,retrospective_first_five_backcast_previous_season_anchor_frozen_v7_5
rosberg,2016,Canadian Grand Prix,Nico Rosberg,Mercedes,Mercedes,2,0.2022387329815512,0.9038996874569153,2014-2016_hybrid,70,0.0,12.139999999999999,12.139999999999999,6.926,villeneuve,0.5234431940840549,open_meteo_era5_air_temperature_track_proxy,7,2016-06-12,jolpica_cross_fitted_xw_xp,0.0,5,Finished,-3.0,2.1967714555161746,8,prior_same_circuit_grid_movement,finished,0.765363306644334,True,1788.9229130690685,0.0,0.681124241323746,0.9652164941577132,-0.08736094045615542,1.2824922661078517,0.4343474223709709,-0.10920117557019426,0.19237383991617776,2.69260896480704,0.061916350610348406,0.6823206988702719,7.67126532372429,0.04,0.0,0.09431711332536,0.4343474223709709,-0.10920117557019426,0.19237383991617776,0.015547366943910982,-0.05143448142784229,0.005782274627040587,0.05315962024396069,-0.07078291078708221,0.0201713147662419,0.6809192855475557,0.08600022249586098,0.03851685716396068,0.11106680072272819,0.05385182899240545,0.01737852547500958,-0.05517141808375793,0.002043553646564812,0.01737852547500958,cross_fitted,season_grid_average,example_precomputed_capabilities,0.7219407095647259,-3.469446951953614e-18,1.3877787807814457e-17,0.05589538263897026,0.683467309770676,0.08600022249586098,0.6809192855475557,0.2,0.44999999999999996,0.006020967971378147,-0.0011466109004041325,-0.061916350610348406,0.12720311065353762,0.8036635771153153,-1.331640196714838,-0.5279766195995226,0.0,1788.394936449469,revised_v3_parallel,prior_similar_races_current_season_only,field_centered_bounded_no_teammate_term,nicorosberg,nico-rosberg,mercedes,mercedes-amg-petronas-f1-team,mercedes-f1-w07,mercedes-f1-w07,exact_chassis,mercedes-f1-w07,,finished,2.0,2,True,19.0,1:12.874,True,True,2.0,5.0,-3.0,True,0.5714285714285715,0.23809523809523803,0.34244211183779144,1.9055744566700847,0.11948928114196937,1.2783557600184956,0.605636684011323,full_same_season_static_retrospective_baseline_v6,constructor_lineage_regulation_and_stability_shrunk,173.40262222051942,1962.3255352895878,1955.0664868611082,0.7276787180597678,1963.0532140076475,1962.525237388048,9f29a0d7fa5d3d46,0.3129678225554514,0.0044,,,,,,,,,,,,,,,,,0.3448860087855225,1.9055744566700847,0.11948928114196937,1.2783557600184956,0.605636684011323,full_same_season_static_retrospective_baseline_v6,constructor_lineage_regulation_and_stability_shrunk,review,baseline_v6_topology_fallback,1.725614035879351,0.7168815450053805,full_same_season_static_retrospective,1853.6928171793825,0.059687484576826856,5,5,,5465.296,70.0,0.011361324253983682,1.0,exact_seconds,,1.0,scheduled_distance_unavailable_assume_full,1944.105553158193,0.11622617435004719,18.0,16.4,-3.109935484598563,1.0,19.0,1.0,-0.18963021247552217,1.0,0.9733285267845752,-0.07382899813705839,-0.025212096623669154,14.541267323564458,1,-0.04861690151338923,-0.04416050287947551,0.8095238095238095,0.765363306644334,all_field_expected_seconds_gap_residual_same_car_crossfit_v7_4,930,21,16.0,0.7619047619047619,18.285714285714285,4.571428571428571,21.333333333333332,6.857142857142857,384.0,96.0,1852.7980260596285,1556.0259795498623,0,1.0,174,0.8947911197540539,0.6825346814047061,0.8175214538379366,-0.052158147193602566,-1.7476866172251544,1851.9451305621574,1851.9451305621574,1559.6852846749414,retrospective_first_five_backcast_previous_season_anchor_frozen_v7_5
raikkonen,2016,Canadian Grand Prix,Kimi Räikkönen,Ferrari,Ferrari,6,0.009502697844044386,0.6119001318326697,2014-2016_hybrid,70,0.0,12.139999999999999,12.139999999999999,6.926,villeneuve,0.5234431940840549,open_meteo_era5_air_temperature_track_proxy,7,2016-06-12,jolpica_cross_fitted_xw_xp,0.0,6,Finished,0.0,2.1967714555161746,8,prior_same_circuit_grid_movement,finished,0.7626432331140881,True,1772.344561561294,0.0,0.6684945042303846,0.8869951145411153,-0.2698914994594891,-1.8099988765043975,0.39914780154350193,-0.3373643743243614,-0.2714998314756596,2.69260896480704,0.03171400980918495,0.5686850553149222,10.057613838386635,0.0,0.0,0.0,0.39914780154350193,-0.3373643743243614,-0.2714998314756596,0.007346976843269502,-0.0372546502229194,-0.008352787690146468,0.05339836985215072,-0.09057905125279948,-0.033394178505466235,0.6075012282632855,0.06232237866502204,0.017320786888458117,0.05876038548064501,0.030716308891691895,0.006741130706767556,-0.03469846788541933,-0.006654391296466222,0.006741130706767556,cross_fitted,season_grid_average,example_precomputed_capabilities,0.7219407095647259,-6.938893903907228e-18,0.0,0.024061917595225673,0.5369263683571704,0.06232237866502204,0.6075012282632855,0.2,0.44999999999999996,0.007652092213959277,0.03175868695775175,-0.03171400980918495,0.19321970658983967,2.716818483196675,-1.331640196714838,1.3851782864818372,0.0,1773.7297398477758,revised_v3_parallel,prior_similar_races_current_season_only,field_centered_bounded_no_teammate_term,kimiraikkonen,kimi-raikkonen,ferrari,scuderia-ferrari,ferrari-sf16-h,ferrari-sf16-h,exact_chassis,ferrari-sf16-h,,finished,6.0,6,True,23.0,1:13.579,True,True,6.0,6.0,0.0,True,0.5714285714285715,0.19047619047619035,0.20335081186298637,1.0425424681949271,0.11948928114196937,0.7446509863462919,0.13181632720309452,full_same_season_static_retrospective_baseline_v6,constructor_lineage_regulation_and_stability_shrunk,33.137540798526246,1805.4821023598204,1786.0701896182322,0.23538738963001524,1805.7174897494504,1807.102668035932,9f29a0d7fa5d3d46,0.3129678225554514,0.0044,,,,,,,,,,,,,,,,,0.20320886096374996,1.0425424681949271,0.11948928114196937,0.7446509863462919,0.13181632720309452,full_same_season_static_retrospective_baseline_v6,constructor_lineage_regulation_and_stability_shrunk,review,baseline_v6_topology_fallback,1.0295122460837636,0.09810598375504428,full_same_season_static_retrospective,1727.1066590372816,0.03842703330316733,6,6,,5465.296,70.0,0.011530391034630147,1.0,exact_seconds,,1.0,scheduled_distance_unavailable_assume_full,1790.8766221297085,0.06446974404781562,18.0,16.4,-0.5481919161898183,1.0,19.0,1.0,-0.033426336353037704,1.0,0.9733285267845752,-0.013013922687323152,-0.00929599526273563,13.174886549035696,1,-0.0037179274245875225,0.0007384712093261945,0.7619047619047619,0.7626432331140881,all_field_expected_seconds_gap_residual_same_car_crossfit_v7_4,930,21,16.0,0.7619047619047619,18.285714285714285,4.571428571428571,21.333333333333332,6.857142857142857,384.0,96.0,1726.4981107105289,1532.190303845819,0,1.0,198,0.6085483267526662,0.566747506321714,0.6598190463248523,0.10282418678923577,1.0862760613181752,1728.1929350985997,1728.1929350985997,1507.2552732762044,retrospective_first_five_backcast_previous_season_anchor_frozen_v7_5
ricciardo,2016,Canadian Grand Prix,Daniel Ricciardo,Red Bull,Red Bull,4,0.05897345670590647,0.8056407696995678,2014-2016_hybrid,70,0.0,12.139999999999999,12.139999999999999,6.926,villeneuve,0.5234431940840549,open_meteo_era5_air_temperature_track_proxy,7,2016-06-12,jolpica_cross_fitted_xw_xp,0.0,7,Finished,-3.0,2.1967714555161746,8,prior_same_circuit_grid_movement,finished,0.6863290232751365,True,1506.627247121407,0.0,0.4423552996647195,-0.36673478217136996,1.6108804780329784,1.2824922661078517,-0.16503065197711647,2.013600597541223,0.19237383991617776,2.69260896480704,0.18074806822521441,0.7681723229010473,5.868381219078007,0.2,0.08912565670994935,0.3108743432900507,-0.16503065197711647,2.013600597541223,0.19237383991617776,-0.019633905742883418,0.14449121080403365,0.009564987128506858,-0.022605345917176722,0.22922958188507667,0.017441101740854833,0.6449363871612321,0.07321023447348872,0.22796427764151633,0.06105650366296423,0.19552800863420097,-0.020331750978370505,0.1465760230001816,0.012104518028944855,-0.020331750978370505,cross_fitted,season_grid_average,example_precomputed_capabilities,0.7219407095647259,2.7755575615628914e-17,2.7755575615628914e-17,0.20763252666314583,0.869001724869987,0.07321023447348872,0.6449363871612321,0.2,0.44999999999999996,-0.026884458437931413,-0.10082940196893964,-0.18074806822521441,-0.05388660861533301,-5.307912592481141,-1.3316401967148375,-6.639552789195978,0.0,1499.987694332211,revised_v3_parallel,prior_similar_races_current_season_only,field_centered_bounded_no_teammate_term,danielricciardo,daniel-ricciardo,red-bull,red-bull-racing,red-bull-rb12,red-bull-rb12,exact_chassis,red-bull-rb12,,finished,4.0,4,True,20.0,1:13.166,True,True,4.0,7.0,-3.0,True,0.5714285714285715,0.1428571428571428,0.24984216406654386,0.5907306606678964,0.11948928114196937,0.8497223562640264,0.17796971708350195,full_same_season_static_retrospective_baseline_v6,constructor_lineage_regulation_and_stability_shrunk,59.24649363326975,1565.8737407546766,1763.0300486646836,1.818556393317129,1567.6922971479937,1561.0527443587978,9f29a0d7fa5d3d46,0.3129678225554514,0.0044,,,,,,,,,,,,,,,,,0.2523915248351523,0.5907306606678964,0.11948928114196937,0.8497223562640264,0.17796971708350195,full_same_season_static_retrospective_baseline_v6,constructor_lineage_regulation_and_stability_shrunk,review,baseline_v6_topology_fallback,1.1831704348419714,0.15218117588393915,full_same_season_static_retrospective,1696.2125283231503,0.08462513474114454,7,7,,5465.296,70.0,0.011643285194434116,1.0,exact_seconds,,1.0,scheduled_distance_unavailable_assume_full,1762.5221211167857,0.057808756231007875,18.0,16.4,-0.13793053889797685,1.0,19.0,1.0,-0.008410398713291273,1.0,0.9733285267845752,-0.0032744323957114726,0.029138657248780123,13.950662592792465,2,-0.0324130896444916,-0.02795669101057788,0.7142857142857143,0.6863290232751365,all_field_expected_seconds_gap_residual_same_car_crossfit_v7_4,930,21,16.0,0.7619047619047619,18.285714285714285,4.571428571428571,21.333333333333332,6.857142857142857,384.0,96.0,1695.0522601635614,1602.681519957469,0,1.0,84,1.1602681595890043,0.5369361749900315,0.6859326289547614,0.00039639432037508193,-0.7866892866838487,1695.4258390364664,1695.4258390364664,1546.679144097835,retrospective_first_five_backcast_previous_season_anchor_frozen_v7_5
hulkenberg,2016,Canadian Grand Prix,Nico Hülkenberg,Force India,Force India,9,0.005833236192320517,0.5474460766790347,2014-2016_hybrid,70,0.0,12.139999999999999,12.139999999999999,6.926,villeneuve,0.5234431940840549,open_meteo_era5_air_temperature_track_proxy,7,2016-06-12,jolpica_cross_fitted_xw_xp,0.0,8,+1 Lap,1.0,2.1967714555161746,8,prior_same_circuit_grid_movement,finished,0.7112247221186973,True,1377.148786801205,0.0,0.3304974274936311,-0.9776509997536548,0.9136085932898463,0.048431916929937126,-0.4399429498891447,1.142010741612308,0.0072647875394905685,2.69260896480704,0.04544861823915767,0.6020065467979191,9.3578625172437,0.06,0.0,0.12582799404508693,-0.4399429498891447,1.142010741612308,0.0072647875394905685,-0.017657994660474696,0.015592227839013262,-0.0023109123422114146,-0.06722474768601895,0.16349013837373522,-0.0005917800047237538,0.5493860609222733,0.04894996157009594,0.06058664002205857,0.0299983240651808,0.0481243310852583,-0.016013357615635472,0.014574958341242294,-0.0035510486788352044,-0.016013357615635472,cross_fitted,season_grid_average,example_precomputed_capabilities,0.7219407095647259,8.673617379884035e-19,0.0,0.044573282406423095,0.6450596716052658,0.04894996157009594,0.5493860609222733,0.2,0.44999999999999996,0.0008753358327345737,-0.04305312480734669,-0.04544861823915767,0.06466011986874765,0.0731153198976735,-1.331640196714838,-1.2585248768171644,0.0,1375.890261924388,revised_v3_parallel,prior_similar_races_current_season_only,field_centered_bounded_no_teammate_term,nicohulkenberg,nico-hulkenberg,force-india,sahara-force-india-formula-one-team,force-india-vjm09,force-india-vjm09,exact_chassis,force-india-vjm09,,finished,9.0,9,True,23.0,1:13.952,True,True,8.0,8.0,0.0,True,0.5714285714285715,0.09523809523809523,0.049517014314785106,-0.0017052760917306276,0.11948928114196937,0.1653530780274036,0.02518560527623209,full_same_season_static_retrospective_baseline_v6,constructor_lineage_regulation_and_stability_shrunk,77.45656247771626,1454.6053492789213,1625.4323002340755,1.224499619380865,1455.829848898302,1454.571324021485,9f29a0d7fa5d3d46,0.3129678225554514,0.0044,,,,,,,,,,,,,,,,,0.05310947740559827,-0.0017052760917306276,0.11948928114196937,0.1653530780274036,0.02518560527623209,full_same_season_static_retrospective_baseline_v6,constructor_lineage_regulation_and_stability_shrunk,review,baseline_v6_topology_fallback,0.2500509465743873,0.01058053589535459,full_same_season_static_retrospective,1612.8064744818923,0.031435524716695154,8,8,1.0,5465.296,70.0,0.014285714285714285,0.7,lap_equivalent,,1.0,scheduled_distance_unavailable_assume_full,1619.4589173341826,0.03334464416188904,14.0,9.799999999999999,1.3878852722207762,0.0,19.0,1.0,0.14162094614497717,0.7777777777777778,0.9733285267845752,0.04862668909087763,0.008525032272760816,15.673225689432591,1,0.04010165681811682,0.04455805545203054,0.6666666666666667,0.7112247221186973,all_field_expected_seconds_gap_residual_same_car_crossfit_v7_4,930,21,16.0,0.7619047619047619,18.285714285714285,4.571428571428571,21.333333333333332,6.857142857142857,384.0,96.0,1612.2040539918833,1620.2370334728191,0,1.0,92,0.6024204900090181,0.45572917622188286,0.5045692388258827,0.20665548329281458,2.9849054830979016,1615.7913799649903,1615.7913799649903,1539.7844025236232,retrospective_first_five_backcast_previous_season_anchor_frozen_v7_5
sainz,2016,Canadian Grand Prix,Carlos Sainz,Toro Rosso,Toro Rosso,20,0.0008994081162233717,0.26661088906126784,2014-2016_hybrid,70,0.0,12.139999999999999,12.139999999999999,6.926,villeneuve,0.5234431940840549,open_meteo_era5_air_temperature_track_proxy,7,2016-06-12,jolpica_cross_fitted_xw_xp,0.0,9,+1 Lap,11.0,2.1967714555161746,8,prior_same_circuit_grid_movement,finished,0.6630985843703554,True,1491.842399292503,0.0,0.42925665538761315,-0.43649390110765257,0.7492128313223747,0.1547318142919996,-0.19642225549844367,0.9365160391529683,0.023209772143799937,2.69260896480704,0.019235663369860052,0.42404362718913124,13.095083829028244,0.02,0.0,0.05880602015151773,-0.19642225549844367,0.9365160391529683,0.023209772143799937,-0.0037290486379910315,0.003247312974542432,-0.0007119558396575303,-0.024347454357155546,0.17907264993727134,0.0037702598906463047,0.3368711266802121,0.020190616572344958,0.02099120304636786,0.014886306399941759,0.02029640233319241,-0.001994277977129033,0.004110618669297069,-0.0012994772639535815,-0.001994277977129033,cross_fitted,season_grid_average,example_precomputed_capabilities,0.7219407095647259,0.0,0.0,0.018996925069238828,0.4953665821509742,0.020190616572344958,0.3368711266802121,0.2,0.44999999999999996,0.00023873830062122459,-0.07132295496184293,-0.019235663369860052,0.19500399185848782,3.0484159325761397,-1.331640196714838,1.7167757358613018,0.0,1493.5591750283643,revised_v3_parallel,prior_similar_races_current_season_only,field_centered_bounded_no_teammate_term,carlossainz,carlos-sainz-jr,toro-rosso,scuderia-toro-rosso,toro-rosso-str11,toro-rosso-str11,exact_chassis,toro-rosso-str11,,finished,16.0,16,True,11.0,1:21.956,True,,,,,True,0.5714285714285715,0.04761904761904756,-0.05351343652858457,-0.21899177493594735,0.11948928114196937,-0.19842301550234512,0.008907666806851285,full_same_season_static_retrospective_baseline_v6,constructor_lineage_regulation_and_stability_shrunk,14.305697656662698,1506.1480969491656,1621.1601159467332,-0.9434046772056274,1505.20469227196,1506.9214680078214,9f29a0d7fa5d3d46,0.3129678225554514,0.0044,,,,,,,,,,,,,,,,,-0.05616181355707698,-0.21899177493594735,0.11948928114196937,-0.19842301550234512,0.008907666806851285,full_same_season_static_retrospective_baseline_v6,constructor_lineage_regulation_and_stability_shrunk,review,baseline_v6_topology_fallback,-0.22053737826880826,0.0027579234018350056,full_same_season_static_retrospective,1636.054682570353,0.059108275875786154,9,9,1.0,5465.296,70.0,0.014285714285714285,0.7,lap_equivalent,,1.0,scheduled_distance_unavailable_assume_full,1618.4556817930386,0.03321622848834863,14.0,9.799999999999999,1.3644664815171212,0.0,19.0,1.0,0.13923127362419607,0.7777777777777778,0.9733285267845752,0.04780617584153047,0.00821160915270791,11.940817195589482,2,0.03959456668882256,0.04405096532273628,0.6190476190476191,0.6630985843703554,all_field_expected_seconds_gap_residual_same_car_crossfit_v7_4,930,21,16.0,0.7619047619047619,18.285714285714285,4.571428571428571,21.333333333333332,6.857142857142857,384.0,96.0,1637.0339571869208,1629.7265680024072,0,1.0,17,-0.9792746165678607,0.4783320940535087,0.5267553830785685,0.1363432012917869,1.6991951836505386,1637.7538777540035,1637.7538777540035,1617.6557502027053,retrospective_first_five_backcast_previous_season_anchor_frozen_v7_5
perez,2016,Canadian Grand Prix,Sergio Pérez,Force India,Force India,11,0.007367102377384831,0.5790030343801157,2014-2016_hybrid,70,0.0,12.139999999999999,12.139999999999999,6.926,villeneuve,0.5234431940840549,open_meteo_era5_air_temperature_track_proxy,7,2016-06-12,jolpica_cross_fitted_xw_xp,0.0,10,+1 Lap,1.0,2.1967714555161746,8,prior_same_circuit_grid_movement,finished,0.6099963469899066,True,1371.362068731818,0.0,0.3257251658262792,-1.0049543821573563,0.9136085932898463,0.048431916929937126,-0.45222947197081037,1.142010741612308,0.0072647875394905685,2.69260896480704,0.03837981001407131,0.5679009770489815,10.07407948197139,0.1,0.016844242532462014,0.18315575746753798,-0.45222947197081037,1.142010741612308,0.0072647875394905685,-0.01534307382205545,0.013187211898269727,-0.0019570048113788114,-0.06887709372948952,0.17445633203165073,-0.00012961120995603573,0.5099036821482686,0.04167010340220293,0.051576170308038884,0.025311936926860505,0.04054951443688698,-0.014018933641000486,0.012245299740177892,-0.0029922777698485822,-0.014018933641000486,cross_fitted,season_grid_average,example_precomputed_capabilities,0.7219407095647259,1.734723475976807e-18,1.3877787807814457e-17,0.0375572366670384,0.6153533092404738,0.04167010340220293,0.5099036821482686,0.2,0.44999999999999996,0.0008225733470329094,-0.047452332191492363,-0.03837981001407131,0.003527594379589938,-0.8576187415050924,-1.331640196714838,-2.1892589382199303,0.0,1369.1728097935982,revised_v3_parallel,prior_similar_races_current_season_only,field_centered_bounded_no_teammate_term,sergioperez,sergio-perez,force-india,sahara-force-india-formula-one-team,force-india-vjm09,force-india-vjm09,exact_chassis,force-india-vjm09,,finished,11.0,11,True,18.0,1:14.317,True,True,10.0,10.0,0.0,True,0.5714285714285715,-1.1102230246251565e-16,0.049517014314785106,-0.0017052760917306276,0.11948928114196937,0.1653530780274036,0.02518560527623209,full_same_season_static_retrospective_baseline_v6,constructor_lineage_regulation_and_stability_shrunk,56.68892092852683,1428.0509896603448,1643.754236122171,0.7534282431273746,1428.8044179034723,1426.6151589652525,9f29a0d7fa5d3d46,0.3129678225554514,0.0044,,,,,,,,,,,,,,,,,0.05310947740559827,-0.0017052760917306276,0.11948928114196937,0.1653530780274036,0.02518560527623209,full_same_season_static_retrospective_baseline_v6,constructor_lineage_regulation_and_stability_shrunk,review,baseline_v6_topology_fallback,0.2500509465743873,0.01058053589535459,full_same_season_static_retrospective,1630.592649046321,0.06077470376695075,10,10,1.0,5465.296,70.0,0.014285714285714285,0.7,lap_equivalent,,1.0,scheduled_distance_unavailable_assume_full,1631.7959145460713,0.03496498576014507,14.0,9.799999999999999,1.2490951489851105,0.0,19.0,1.0,0.12745868867195007,0.7777777777777778,0.9733285267845752,0.043763964263006036,0.009652587335584568,12.130217333205898,1,0.03411137692742147,0.038567775561335185,0.5714285714285714,0.6099963469899066,all_field_expected_seconds_gap_residual_same_car_crossfit_v7_4,930,21,16.0,0.7619047619047619,18.285714285714285,4.571428571428571,21.333333333333332,6.857142857142857,384.0,96.0,1630.5259898799789,1602.681519957469,0,1.0,93,0.06665916634220326,0.47301244280815524,0.5505984127360624,0.05939793425384421,0.29219601495672953,1630.8848450612777,1630.8848450612777,1529.893938537416,retrospective_first_five_backcast_previous_season_anchor_frozen_v7_5
alonso,2016,Canadian Grand Prix,Fernando Alonso,McLaren,McLaren,10,0.0020045974607578307,0.3894023195878605,2014-2016_hybrid,70,0.0,12.139999999999999,12.139999999999999,6.926,villeneuve,0.5234431940840549,open_meteo_era5_air_temperature_track_proxy,7,2016-06-12,jolpica_cross_fitted_xw_xp,0.0,11,+1 Lap,-1.0,2.1967714555161746,8,prior_same_circuit_grid_movement,finished,0.5616303930532148,True,2038.417801063369,0.0,0.8386768941152958,2.142404366971894,-1.0727839534378023,-1.6044776455444967,0.9640819651373524,-1.340979941797253,-0.2406716468316745,2.69260896480704,0.016814034043480114,0.4482417254816865,12.586923764884583,0.0,0.0,0.0,0.9640819651373524,-1.340979941797253,-0.2406716468316745,0.01713294252209965,-0.047413599780085594,-0.0051562890503719086,0.12208535290210916,-0.24400086784505742,-0.02616230359101601,0.5296845256753668,0.0451635910901664,0.005266636364527638,0.06475405007781172,0.012066673397038727,0.0044600084172809066,-0.05502740529600318,-0.002340028615230182,0.0044600084172809066,cross_fitted,season_grid_average,example_precomputed_capabilities,0.7219407095647259,0.0,-2.7755575615628914e-17,0.009726644781808545,0.38160670714140255,0.0451635910901664,0.5296845256753668,0.2,0.44999999999999996,0.007087389261671569,0.06663501834028396,-0.016814034043480114,0.07556779832783733,0.9566835528575492,-1.331640196714838,-0.37495664385728866,0.0,2038.0428444195118,revised_v3_parallel,prior_similar_races_current_season_only,field_centered_bounded_no_teammate_term,fernandoalonso,fernando-alonso,mclaren,mclaren-honda-formula-1-team,mclaren-mp4-31,mclaren-mp4-31,exact_chassis,mclaren-mp4-31,,finished,10.0,10,True,24.0,1:14.338,True,True,9.0,11.0,-2.0,True,0.5714285714285715,-0.04761904761904767,-0.024733335010089195,-0.5394163615914962,0.11948928114196937,-0.1368079972056058,0.010622296701072512,full_same_season_static_retrospective_baseline_v6,constructor_lineage_regulation_and_stability_shrunk,-67.94714561256814,1970.470655450801,1688.617289084365,-1.2292749383194257,1969.2413805124816,1968.8664238686242,9f29a0d7fa5d3d46,0.3129678225554514,0.0044,,,,,,,,,,,,,,,,,-0.025420766233814958,-0.5394163615914962,0.11948928114196937,-0.1368079972056058,0.010622296701072512,full_same_season_static_retrospective_baseline_v6,constructor_lineage_regulation_and_stability_shrunk,review,baseline_v6_topology_fallback,-0.12976427358517487,0.003574515825577702,full_same_season_static_retrospective,1699.6646957596247,0.04264528110899897,11,11,1.0,5465.296,70.0,0.014285714285714285,0.7,lap_equivalent,,1.0,scheduled_distance_unavailable_assume_full,1696.0224584968025,0.04476257106554803,14.0,9.799999999999999,0.6400323317878784,0.0,19.0,1.0,0.06530942161100801,0.7777777777777778,0.9733285267845752,0.02242451435208242,-0.01093995625769489,11.756287537081393,2,0.033364470609777305,0.03782086924369102,0.5238095238095238,0.5616303930532148,all_field_expected_seconds_gap_residual_same_car_crossfit_v7_4,930,21,16.0,0.7619047619047619,18.285714285714285,4.571428571428571,21.333333333333332,6.857142857142857,384.0,96.0,1699.5619288608134,1532.190303845819,0,1.0,225,0.10276689881136637,0.540283413717882,0.5745493287034191,-0.0129189356502043,-1.0301696061458718,1698.6345261534789,1698.6345261534789,1487.6322111268798,retrospective_first_five_backcast_previous_season_anchor_frozen_v7_5
kvyat,2016,Canadian Grand Prix,Daniil Kvyat,Toro Rosso,Toro Rosso,15,0.0005300387680064659,0.1922099749516566,2014-2016_hybrid,70,0.0,12.139999999999999,12.139999999999999,6.926,villeneuve,0.5234431940840549,open_meteo_era5_air_temperature_track_proxy,7,2016-06-12,jolpica_cross_fitted_xw_xp,0.0,12,+1 Lap,3.0,2.1967714555161746,8,prior_same_circuit_grid_movement,finished,0.5264409142900965,True,1433.6781749675638,0.0,0.378341923638342,-0.7109292615168249,0.7492128313223747,0.1547318142919996,-0.3199181676825712,0.9365160391529683,0.023209772143799937,2.69260896480704,0.026593240135034942,0.49564630261060805,11.59142764517723,0.02,0.0,0.05880602015151773,-0.3199181676825712,0.9365160391529683,0.023209772143799937,-0.007909541112191401,0.0044117502177152745,-0.0010073630712413351,-0.04623533576985199,0.1606735686148582,0.0030209683497654325,0.43104374195348366,0.03019736330760891,0.031394731428022855,0.020367042423999098,0.02745360916859502,-0.005702522086131409,0.005325166917892348,-0.001761399826703574,-0.005702522086131409,cross_fitted,season_grid_average,example_precomputed_capabilities,0.7219407095647259,0.0,0.0,0.025692209341891446,0.5485029431482553,0.03019736330760891,0.43104374195348366,0.2,0.44999999999999996,0.0009010307931434959,-0.05285664053764727,-0.026593240135034942,-0.019455826420131883,-0.9884426388032125,-1.331640196714838,-2.3200828355180505,0.0,1431.3580921320458,revised_v3_parallel,prior_similar_races_current_season_only,field_centered_bounded_no_teammate_term,daniilkvyat,daniil-kvyat,toro-rosso,scuderia-toro-rosso,toro-rosso-str11,toro-rosso-str11,exact_chassis,toro-rosso-str11,,finished,13.0,13,True,16.0,1:14.457,True,True,13.0,12.0,1.0,True,0.5714285714285715,-0.09523809523809534,-0.05351343652858457,-0.21899177493594735,0.11948928114196937,-0.19842301550234512,0.008907666806851285,full_same_season_static_retrospective_baseline_v6,constructor_lineage_regulation_and_stability_shrunk,29.64276933755128,1463.320944305115,1614.1117727566373,0.16490397458232584,1463.4858482796974,1461.1657654441794,9f29a0d7fa5d3d46,0.3129678225554514,0.0044,,,,,,,,,,,,,,,,,-0.05616181355707698,-0.21899177493594735,0.11948928114196937,-0.19842301550234512,0.008907666806851285,full_same_season_static_retrospective_baseline_v6,constructor_lineage_regulation_and_stability_shrunk,review,baseline_v6_topology_fallback,-0.22053737826880826,0.0027579234018350056,full_same_season_static_retrospective,1629.7222210555406,0.027247563826837958,12,12,1.0,5465.296,70.0,0.014285714285714285,0.7,lap_equivalent,,1.0,scheduled_distance_unavailable_assume_full,1602.3036967604714,0.031215524370021615,14.0,9.799999999999999,1.551473100293638,0.0,19.0,1.0,0.15831358166261614,0.7777777777777778,0.9733285267845752,0.05435823953958477,0.008564200073878151,15.785250784762187,2,0.04579403946570662,0.050250438099620334,0.47619047619047616,0.5264409142900965,all_field_expected_seconds_gap_residual_same_car_crossfit_v7_4,930,21,16.0,0.7619047619047619,18.285714285714285,4.571428571428571,21.333333333333332,6.857142857142857,384.0,96.0,1629.985613996825,1617.107438313723,0,1.0,36,-0.26339294128442253,0.47216512658552645,0.4889653348799137,0.03747557941018281,-0.10866990218450745,1629.613551153356,1629.613551153356,1609.8781365983357,retrospective_first_five_backcast_previous_season_anchor_frozen_v7_5
gutierrez,2016,Canadian Grand Prix,Esteban Gutiérrez,Haas F1 Team,Haas F1 Team,13,0.0005292474855025162,0.19201318990424193,2014-2016_hybrid,70,0.0,12.139999999999999,12.139999999999999,6.926,villeneuve,0.5234431940840549,open_meteo_era5_air_temperature_track_proxy,7,2016-06-12,jolpica_cross_fitted_xw_xp,0.0,13,+2 Laps,0.0,2.1967714555161746,8,prior_same_circuit_grid_movement,finished,0.37620610118224335,True,1429.1143202032029,0.0,0.37440720639995045,-0.7324628268939786,0.46892978868742063,0.048431916929937126,-0.3296082721022904,0.5861622358592757,0.0072647875394905685,2.69260896480704,0.024587883524780214,0.49767502623882914,11.548824448984586,0.04,0.0,0.09431711332536,-0.3296082721022904,0.5861622358592757,0.0072647875394905685,-0.00835398429742592,-0.00410565524662254,-0.0011466419225697865,-0.04808855483700293,0.09663458997648286,0.0011986047045128103,0.4703154743246331,0.03547290869807481,0.026615633518610765,0.02353746124598923,0.023614417985440922,-0.004749006287154203,-0.0016708340145326697,-0.0017477907539843601,-0.004749006287154203,cross_fitted,season_grid_average,example_precomputed_capabilities,0.7219407095647259,-1.734723475976807e-18,6.938893903907228e-18,0.021866627231456562,0.5200601141686259,0.03547290869807481,0.4703154743246331,0.2,0.44999999999999996,0.002721256293323652,-0.02238508792979671,-0.024587883524780214,-0.06910359766740054,-1.833973962607935,-1.331640196714838,-3.165614159322773,0.0,1425.94870604388,revised_v3_parallel,prior_similar_races_current_season_only,field_centered_bounded_no_teammate_term,estebangutierrez,esteban-gutierrez,haas,haas-f1-team,haas-vf-16,haas-vf-16,exact_chassis,haas-vf-16,,finished,14.0,14,True,25.0,1:14.571,True,True,11.0,13.0,-2.0,True,0.5714285714285715,-0.1428571428571429,-0.11412762375618846,0.0,0.0,-0.4126323273499414,0.004830189687200744,full_same_season_static_retrospective_baseline_v6,constructor_lineage_regulation_and_stability_shrunk,-17.058355304294533,1412.0559648989083,1473.7496901036939,0.21827144724436418,1412.2742363461527,1409.10862218683,9f29a0d7fa5d3d46,0.3129678225554514,0.0044,,,,,,,,,,,,,,,,,-0.11825656621736906,0.0,0.0,-0.4126323273499414,0.004830189687200744,full_same_season_static_retrospective_baseline_v6,constructor_lineage_regulation_and_stability_shrunk,review,baseline_v6_topology_fallback,-0.5153818369419496,0.0011877553517174089,full_same_season_static_retrospective,1506.8476388383865,-0.013694626135846145,13,13,2.0,5465.296,70.0,0.02857142857142857,0.7,lap_equivalent,,1.0,scheduled_distance_unavailable_assume_full,1447.439897780101,0.01720647129170403,12.0,8.399999999999999,-1.3892566893978808,0.0,19.0,1.0,-0.16538770111879536,0.6666666666666666,0.9733285267845752,-0.05257472678218728,0.0042469992409116955,12.304821035171752,1,-0.05682172602309898,-0.05236532738918526,0.4285714285714286,0.37620610118224335,all_field_expected_seconds_gap_residual_same_car_crossfit_v7_4,930,21,16.0,0.7619047619047619,18.285714285714285,4.571428571428571,21.333333333333332,6.857142857142857,384.0,96.0,1506.7602762916893,1615.7855300468177,0,1.0,38,0.08736254669722568,0.3557882341819394,0.3213350492381633,0.05487105194408004,0.20941873843532743,1507.0570575768218,1507.0570575768218,1544.8919476022063,retrospective_first_five_backcast_previous_season_anchor_frozen_v7_5
grosjean,2016,Canadian Grand Prix,Romain Grosjean,Haas F1 Team,Haas F1 Team,14,0.0022361840179706558,0.40628222347496196,2014-2016_hybrid,70,0.0,12.139999999999999,12.139999999999999,6.926,villeneuve,0.5234431940840549,open_meteo_era5_air_temperature_track_proxy,7,2016-06-12,jolpica_cross_fitted_xw_xp,0.0,14,+2 Laps,0.0,2.1967714555161746,8,prior_same_circuit_grid_movement,finished,0.2845540772785615,True,1425.011701809075,0.0,0.3708796003728322,-0.7518201478362097,0.46892978868742063,0.048431916929937126,-0.33831906652629434,0.5861622358592757,0.0072647875394905685,2.69260896480704,0.02257681622772623,0.48037163024703666,11.91219576481223,0.0,0.0,0.0,-0.33831906652629434,0.5861622358592757,0.0072647875394905685,-0.007845743125200378,-0.003790172675764463,-0.0010543305382665121,-0.048704394955095216,0.10139529705730106,0.0014139909329030547,0.45061393907772673,0.03272901329911131,0.024556864812221076,0.021580950038994656,0.021640526047426244,-0.0045180978523411165,-0.0015421830791146965,-0.001601759087546284,-0.0045180978523411165,cross_fitted,season_grid_average,example_precomputed_capabilities,0.7219407095647259,0.0,0.0,0.02003876695987996,0.5047188321128356,0.03272901329911131,0.45061393907772673,0.2,0.44999999999999996,0.00253804926784627,-0.024347201865798973,-0.02257681622772623,-0.09941924929465573,-2.3313900767692326,-1.331640196714838,-3.6630302734840705,0.0,1421.348671535591,revised_v3_parallel,prior_similar_races_current_season_only,field_centered_bounded_no_teammate_term,romaingrosjean,romain-grosjean,haas,haas-f1-team,haas-vf-16,haas-vf-16,exact_chassis,haas-vf-16,,finished,15.0,15,True,24.0,1:14.803,True,True,12.0,14.0,-2.0,True,0.5714285714285715,-0.19047619047619058,-0.11412762375618846,0.0,0.0,-0.4126323273499414,0.004830189687200744,full_same_season_static_retrospective_baseline_v6,constructor_lineage_regulation_and_stability_shrunk,54.61730261214688,1479.629004421222,1561.5703153865354,-0.4000314093865768,1479.2289730118353,1475.5659427383512,9f29a0d7fa5d3d46,0.3129678225554514,0.0044,,,,,,,,,,,,,,,,,-0.11825656621736906,0.0,0.0,-0.4126323273499414,0.004830189687200744,full_same_season_static_retrospective_baseline_v6,constructor_lineage_regulation_and_stability_shrunk,review,baseline_v6_topology_fallback,-0.5153818369419496,0.0011877553517174089,full_same_season_static_retrospective,1594.0831188408777,0.05718829278375542,14,14,2.0,5465.296,70.0,0.02857142857142857,0.7,lap_equivalent,,1.0,scheduled_distance_unavailable_assume_full,1547.462515911612,0.025279351806350103,12.0,8.399999999999999,-2.1696731630220727,0.0,19.0,1.0,-0.25829442416929443,0.6666666666666666,0.9733285267845752,-0.0821086373908113,0.01874606491692184,12.465293007229532,1,-0.10085470230773314,-0.09639830367381942,0.38095238095238093,0.2845540772785615,all_field_expected_seconds_gap_residual_same_car_crossfit_v7_4,930,21,16.0,0.7619047619047619,18.285714285714285,4.571428571428571,21.333333333333332,6.857142857142857,384.0,96.0,1594.5809015745308,1597.07443189998,0,1.0,73,-0.49778273365322007,0.43763118905036497,0.4699168142493311,-0.1853627369707696,-4.183427687436208,1589.8996911534414,1589.8996911534414,1501.800192117231,retrospective_first_five_backcast_previous_season_anchor_frozen_v7_5
ericsson,2016,Canadian Grand Prix,Marcus Ericsson,Sauber,Sauber,21,0.0003980402005983978,0.15618671012259225,2014-2016_hybrid,70,0.0,12.139999999999999,12.139999999999999,6.926,villeneuve,0.5234431940840549,open_meteo_era5_air_temperature_track_proxy,7,2016-06-12,jolpica_cross_fitted_xw_xp,0.0,15,+2 Laps,6.0,2.1967714555161746,8,prior_same_circuit_grid_movement,finished,0.28763012120425774,True,1443.2544827858778,0.0,0.3866321217760049,-0.6657455163880973,-1.1296443562916376,-0.15708931402996545,-0.2995854823746438,-1.412055445364547,-0.02356339710449482,2.69260896480704,0.0053524112414760575,0.23130723795632832,17.142548002917106,0.0,0.0,0.0,-0.2995854823746438,-1.412055445364547,-0.02356339710449482,-0.0030620812138215134,-0.01318642105398018,-0.0003470272614579638,-0.025078687490796926,-0.134540916823707,3.146523065670115e-05,0.3190807144524443,0.018628834864883783,0.002276154184000187,0.012404207541653663,0.0022314304738247923,-0.00024284884837606118,-0.010370902206029538,-0.00019812513820066657,-0.00024284884837606118,cross_fitted,season_grid_average,example_precomputed_capabilities,0.7219407095647259,0.0,0.0,0.0020333053356241257,0.15949257536859707,0.018628834864883783,0.3190807144524443,0.2,0.44999999999999996,0.003319105905851932,0.07181466258773125,-0.0053524112414760575,0.10202609537700505,1.7080118469906655,-1.331640196714838,0.37637165027582764,0.0,1443.6308544361536,revised_v3_parallel,prior_similar_races_current_season_only,field_centered_bounded_no_teammate_term,marcusericsson,marcus-ericsson,sauber,sauber-f1-team,sauber-c35,sauber-c35,exact_chassis,sauber-c35,,finished,19.0,19,True,11.0,1:15.635,True,True,18.0,15.0,3.0,True,0.5714285714285715,-0.23809523809523814,-0.2564498183193066,-0.796995679582621,0.11948928114196937,-0.8738278683279531,0.0012932833197904423,full_same_season_static_retrospective_baseline_v6,constructor_lineage_regulation_and_stability_shrunk,-33.17796173079177,1410.076521055086,1449.488549965642,-1.0407028615491885,1409.035818193537,1409.4121898438127,9f29a0d7fa5d3d46,0.3129678225554514,0.0044,,,,,,,,,,,,,,,,,-0.2530619760115707,-0.796995679582621,0.11948928114196937,-0.8738278683279531,0.0012932833197904423,full_same_season_static_retrospective_baseline_v6,constructor_lineage_regulation_and_stability_shrunk,review,baseline_v6_topology_fallback,-1.163455386459605,0.00018645349154858187,full_same_season_static_retrospective,1518.4326740644785,0.006625467428745279,15,15,2.0,5465.296,70.0,0.02857142857142857,0.7,lap_equivalent,,1.0,scheduled_distance_unavailable_assume_full,1432.7024173876137,0.016258290024673584,12.0,8.399999999999999,-1.2624296111500568,0.0,19.0,1.0,-0.15028923942262584,0.6666666666666666,0.9733285267845752,-0.04777511052815119,0.0023845002348381688,13.201153331682477,1,-0.05015961076298936,-0.045703212129075646,0.33333333333333337,0.28763012120425774,all_field_expected_seconds_gap_residual_same_car_crossfit_v7_4,930,21,16.0,0.7619047619047619,18.285714285714285,4.571428571428571,21.333333333333332,6.857142857142857,384.0,96.0,1519.3947794318783,1617.107438313723,0,1.0,35,-0.9621053673998663,0.3663416345175315,0.3202607198178171,-0.03263059861355938,-1.390611443190079,1517.0420626212886,1517.0420626212886,1564.0447070580415,retrospective_first_five_backcast_previous_season_anchor_frozen_v7_5
kevin_magnussen,2016,Canadian Grand Prix,Kevin Magnussen,Renault,Renault,22,0.00144050227148932,0.3382077123813059,2014-2016_hybrid,70,0.0,12.139999999999999,12.139999999999999,6.926,villeneuve,0.5234431940840549,open_meteo_era5_air_temperature_track_proxy,7,2016-06-12,jolpica_cross_fitted_xw_xp,0.0,16,+2 Laps,6.0,2.1967714555161746,8,prior_same_circuit_grid_movement,finished,0.2000236205034298,True,1481.2170655413738,0.0,0.4198713817579926,-0.4866272490771634,-0.7627766957896707,-0.3704172963665822,-0.21898226208472354,-0.9534708697370884,-0.05556259445498733,2.69260896480704,0.005748592287993558,0.2471038868300806,16.810818376568307,0.0,0.0,0.0,-0.21898226208472354,-0.9534708697370884,-0.05556259445498733,-0.0024687013616284123,-0.011283786015839325,-0.0005465971055345031,-0.01769974879816169,-0.07862857110686339,-0.0029865958739705295,0.3017270905085282,0.01718785987439535,0.003116751613335207,0.011899829473709574,0.003226739374182568,-0.00022797622194209747,-0.009011054082316464,-0.0003379639827894585,-0.00022797622194209747,cross_fitted,season_grid_average,example_precomputed_capabilities,0.7219407095647259,-1.734723475976807e-18,-1.3877787807814457e-17,0.0028887753913931094,0.20241217472953257,0.01718785987439535,0.3017270905085282,0.2,0.44999999999999996,0.0028598168966004487,0.04469171210054804,-0.005748592287993558,0.03861039888420509,0.5570209650038462,-1.331640196714838,-0.7746192317109917,0.0,1480.4424463096627,revised_v3_parallel,prior_similar_races_current_season_only,field_centered_bounded_no_teammate_term,kevinmagnussen,kevin-magnussen,renault,renault-sport-formula-one-team,renault-rs16,renault-rs16,exact_chassis,renault-rs16,,finished,,NC,False,,,True,True,19.0,16.0,3.0,True,0.5714285714285715,-0.2857142857142858,-0.20800441570572062,0.0,0.0,-0.7280233105841913,0.001961616041816468,full_same_season_static_retrospective_baseline_v6,constructor_lineage_regulation_and_stability_shrunk,14.022235749402897,1495.2393012907767,1563.9394146410173,0.0,1495.2393012907767,1494.4646820590656,9f29a0d7fa5d3d46,0.3129678225554514,0.0044,,,,,,,,,,,,,,,,,-0.20864467258008668,0.0,0.0,-0.7280233105841913,0.001961616041816468,full_same_season_static_retrospective_baseline_v6,constructor_lineage_regulation_and_stability_shrunk,review,baseline_v6_topology_fallback,-0.9717389328470407,0.0003224484017771888,full_same_season_static_retrospective,1622.1812794877526,0.03146615681421953,16,16,2.0,5465.296,70.0,0.02857142857142857,0.7,lap_equivalent,,1.0,scheduled_distance_unavailable_assume_full,1548.7400476103344,0.025403869675127404,12.0,8.399999999999999,-2.1879347036877648,0.0,19.0,1.0,-0.2604684171056863,0.6666666666666666,0.9733285267845752,-0.08279972314799895,0.007347340696770629,11.253126746304929,1,-0.09014706384476959,-0.08569066521085587,0.2857142857142857,0.2000236205034298,all_field_expected_seconds_gap_residual_same_car_crossfit_v7_4,930,21,16.0,0.7619047619047619,18.285714285714285,4.571428571428571,21.333333333333332,6.857142857142857,384.0,96.0,1622.1812794877526,1617.107438313723,0,1.0,23,0.0,0.4648302277538042,0.4468287895565817,-0.24680516905315186,-5.306946445514055,1616.8743330422385,1616.8743330422385,1612.2243689365162,retrospective_first_five_backcast_previous_season_anchor_frozen_v7_5
wehrlein,2016,Canadian Grand Prix,Pascal Wehrlein,Manor Marussia,Manor Marussia,17,0.0018389430342319899,0.376044946397745,2014-2016_hybrid,70,0.0,12.139999999999999,12.139999999999999,6.926,villeneuve,0.5234431940840549,open_meteo_era5_air_temperature_track_proxy,7,2016-06-12,jolpica_cross_fitted_xw_xp,0.0,17,+2 Laps,0.0,2.1967714555161746,8,prior_same_circuit_grid_movement,finished,0.20125906142203182,True,1500.1133757089024,0.0,0.4365795677076245,-0.39746908095205913,-1.553893616918931,-0.15708931402996545,-0.1788610864284266,-1.9423670211486637,-0.02356339710449482,2.69260896480704,0.0066501488304340235,0.2596424376234102,16.547508809908386,0.0,0.0,0.0,-0.1788610864284266,-1.9423670211486637,-0.02356339710449482,-0.0032972261572596618,-0.020090718424422102,-0.00043236834341169793,-0.013423321019769313,-0.22792399995017493,-0.00020965014515419989,0.3924987717367144,0.025706399170508796,0.001950548995571601,0.018668626323624562,0.0020683507801943137,-6.446275015627059e-05,-0.016782540078209233,-0.00018226453477898337,-6.446275015627059e-05,cross_fitted,season_grid_average,example_precomputed_capabilities,0.7219407095647259,-3.469446951953614e-18,0.0,0.0018860862454153303,0.15094180062161594,0.025706399170508796,0.3924987717367144,0.2,0.44999999999999996,0.004764062585018693,0.10870063700179428,-0.0066501488304340235,-0.02154719952817208,-0.5474531634375139,-1.331640196714838,-1.8790933601523518,0.0,1498.23428234875,revised_v3_parallel,prior_similar_races_current_season_only,field_centered_bounded_no_teammate_term,pascalwehrlein,pascal-wehrlein,manor,manor-racing-mrt,manor-mrt05,manor-mrt05,exact_chassis,manor-mrt05,,finished,18.0,18,True,9.0,1:15.599,True,True,14.0,17.0,-3.0,True,0.5714285714285715,-0.33333333333333337,-0.3370894400095404,0.0,0.0,-1.1797027016892905,0.0005396988925333194,full_same_season_static_retrospective_baseline_v6,constructor_lineage_regulation_and_stability_shrunk,-6.9387446969920274,1493.1746310119104,1544.2752576575758,-0.9561037819357764,1492.2185272299746,1490.3394338698222,9f29a0d7fa5d3d46,0.3129678225554514,0.0044,,,,,,,,,,,,,,,,,-0.33809176211445124,0.0,0.0,-1.1797027016892905,0.0005396988925333194,full_same_season_static_retrospective_baseline_v6,constructor_lineage_regulation_and_stability_shrunk,review,baseline_v6_topology_fallback,-1.5992515011056418,5.3680514477766576e-05,full_same_season_static_retrospective,1637.5400906908583,-0.09134633012127413,17,17,2.0,5465.296,70.0,0.02857142857142857,0.7,lap_equivalent,,1.0,scheduled_distance_unavailable_assume_full,1497.074404982125,0.020825693768807784,12.0,8.399999999999999,-1.8478684914296746,0.0,19.0,1.0,-0.21998434421781843,0.6666666666666666,0.9733285267845752,-0.06993033167141639,-0.028637756364296347,13.575535678206762,2,-0.04129257530712005,-0.036836176673206336,0.23809523809523814,0.20125906142203182,all_field_expected_seconds_gap_residual_same_car_crossfit_v7_4,930,21,16.0,0.7619047619047619,18.285714285714285,4.571428571428571,21.333333333333332,6.857142857142857,384.0,96.0,1638.6514737927191,1664.4723494750056,0,1.0,6,-1.111383101860828,0.4797794825184552,0.3050218967080099,-0.10376283528597807,-2.691315199485735,1634.8487754913726,1634.8487754913726,1656.0551528200815,retrospective_first_five_backcast_previous_season_anchor_frozen_v7_5
nasr,2016,Canadian Grand Prix,Felipe Nasr,Sauber,Sauber,18,0.0011304459295222733,0.30098302913661257,2014-2016_hybrid,70,0.0,12.139999999999999,12.139999999999999,6.926,villeneuve,0.5234431940840549,open_meteo_era5_air_temperature_track_proxy,7,2016-06-12,jolpica_cross_fitted_xw_xp,0.0,18,+2 Laps,0.0,2.1967714555161746,8,prior_same_circuit_grid_movement,finished,0.115735537024685,True,1485.9653020213395,0.0,0.4240620479538895,-0.4642237183018265,-1.1296443562916376,-0.15708931402996545,-0.20890067323582193,-1.412055445364547,-0.02356339710449482,2.69260896480704,0.006925985697841856,0.27543043319010563,16.215960903007783,0.0,0.0,0.0,-0.20890067323582193,-1.412055445364547,-0.02356339710449482,-0.0032874458025069137,-0.01725239394207229,-0.0004501299210764478,-0.018076642407853765,-0.1603624854094094,-8.730534159075154e-05,0.37361997142747533,0.023717961430366377,0.0028979663804658603,0.01685662810687131,0.0029941269846329023,-0.00016997461575513507,-0.014128636342160585,-0.00026613521992217707,-0.00016997461575513507,cross_fitted,season_grid_average,example_precomputed_capabilities,0.7219407095647259,0.0,-2.7755575615628914e-17,0.0027279917647107252,0.19509353826862139,0.023717961430366377,0.37361997142747533,0.2,0.44999999999999996,0.004197993933131131,0.08033689492148424,-0.006925985697841856,-0.08495424271391516,-1.6954000255986774,-1.3316401967148381,-3.0270402223135155,0.0,1482.9382617990261,revised_v3_parallel,prior_similar_races_current_season_only,field_centered_bounded_no_teammate_term,felipenasr,felipe-nasr,sauber,sauber-f1-team,sauber-c35,sauber-c35,exact_chassis,sauber-c35,,finished,20.0,20,True,9.0,1:16.663,True,True,15.0,18.0,-3.0,True,0.5714285714285715,-0.38095238095238104,-0.2564498183193066,-0.796995679582621,0.11948928114196937,-0.8738278683279531,0.0012932833197904423,full_same_season_static_retrospective_baseline_v6,constructor_lineage_regulation_and_stability_shrunk,-14.425880282744803,1471.5394217385947,1536.520605420371,-1.6169325924091646,1469.9224891461856,1466.8954489238722,9f29a0d7fa5d3d46,0.3129678225554514,0.0044,,,,,,,,,,,,,,,,,-0.2530619760115707,-0.796995679582621,0.11948928114196937,-0.8738278683279531,0.0012932833197904423,full_same_season_static_retrospective_baseline_v6,constructor_lineage_regulation_and_stability_shrunk,review,baseline_v6_topology_fallback,-1.163455386459605,0.00018645349154858187,full_same_season_static_retrospective,1604.890387288929,-0.018470558255000036,18,18,2.0,5465.296,70.0,0.02857142857142857,0.7,lap_equivalent,,1.0,scheduled_distance_unavailable_assume_full,1508.049885714581,0.021723636104028134,12.0,8.399999999999999,-1.8990557181163632,0.0,19.0,1.0,-0.22607806168051947,0.6666666666666666,0.9733285267845752,-0.07186744990041476,0.007329602185004423,12.693367182095596,1,-0.07919705208541918,-0.07474065345150546,0.19047619047619047,0.115735537024685,all_field_expected_seconds_gap_residual_same_car_crossfit_v7_4,930,21,16.0,0.7619047619047619,18.285714285714285,4.571428571428571,21.333333333333332,6.857142857142857,384.0,96.0,1606.4268348866074,1629.7265680024072,0,1.0,21,-1.5364475976783356,0.4480631177285528,0.370484678907927,-0.25474914188324205,-5.452207662978561,1599.4381796259506,1599.4381796259506,1646.9468864327991,retrospective_first_five_backcast_previous_season_anchor_frozen_v7_5
haryanto,2016,Canadian Grand Prix,Rio Haryanto,Manor Marussia,Manor Marussia,19,0.0006713728724097165,0.22438374647302398,2014-2016_hybrid,70,0.0,12.139999999999999,12.139999999999999,6.926,villeneuve,0.5234431940840549,open_meteo_era5_air_temperature_track_proxy,7,2016-06-12,jolpica_cross_fitted_xw_xp,0.0,19,+2 Laps,0.0,2.1967714555161746,8,prior_same_circuit_grid_movement,finished,0.13233839893860302,True,1492.317665977668,0.0,0.42967707137185024,-0.43425145765469636,-1.553893616918931,-0.15708931402996545,-0.19541315594461336,-1.9423670211486637,-0.02356339710449482,2.69260896480704,0.005650031267382408,0.23265911830151875,17.114158515668105,0.0,0.0,0.0,-0.19541315594461336,-1.9423670211486637,-0.02356339710449482,-0.0029093160553876514,-0.017015354545038174,-0.0003669566204481697,-0.013595237568615432,-0.20880080926602923,-0.00015757959671710187,0.35506361283876775,0.021883333044081604,0.0016604625566485902,0.015704255589350572,0.0017454884622054051,-6.875673344098145e-05,-0.014112549766142964,-0.0001537826389977964,-6.875673344098145e-05,cross_fitted,season_grid_average,example_precomputed_capabilities,0.7219407095647259,0.0,-2.7755575615628914e-17,0.0015917058232076088,0.13250998640740597,0.021883333044081604,0.35506361283876775,0.2,0.44999999999999996,0.004058325444174799,0.10014913189411279,-0.005650031267382408,-0.08980197544437585,-1.752036308415943,-1.331640196714838,-3.083676505130781,0.0,1489.2339894725371,revised_v3_parallel,prior_similar_races_current_season_only,field_centered_bounded_no_teammate_term,rioharyanto,rio-haryanto,manor,manor-racing-mrt,manor-mrt05,manor-mrt05,exact_chassis,manor-mrt05,,finished,21.0,21,True,9.0,1:17.052,True,True,16.0,19.0,-3.0,True,0.5714285714285715,-0.4285714285714286,-0.3370894400095404,0.0,0.0,-1.1797027016892905,0.0005396988925333194,full_same_season_static_retrospective_baseline_v6,constructor_lineage_regulation_and_stability_shrunk,-10.158520674311545,1482.1591453033564,1479.50369177872,-1.8059926138210305,1480.3531526895354,1477.2694761844045,9f29a0d7fa5d3d46,0.3129678225554514,0.0044,,,,,,,,,,,,,,,,,-0.33809176211445124,0.0,0.0,-1.1797027016892905,0.0005396988925333194,full_same_season_static_retrospective_baseline_v6,constructor_lineage_regulation_and_stability_shrunk,review,baseline_v6_topology_fallback,-1.5992515011056418,5.3680514477766576e-05,full_same_season_static_retrospective,1572.3447496991557,-0.1819773329831023,19,19,2.0,5465.296,70.0,0.02857142857142857,0.7,lap_equivalent,,1.0,scheduled_distance_unavailable_assume_full,1404.5059918014776,0.014587356251496288,12.0,8.399999999999999,-1.019162486753667,0.0,19.0,1.0,-0.12132886747067467,0.6666666666666666,0.9733285267845752,-0.038568962594631606,-0.023593820042178013,19.010412560239182,2,-0.014975142552453594,-0.010518743918539877,0.1428571428571429,0.13233839893860302,all_field_expected_seconds_gap_residual_same_car_crossfit_v7_4,930,21,16.0,0.7619047619047619,18.285714285714285,4.571428571428571,21.333333333333332,6.857142857142857,384.0,96.0,1573.8799079138632,1664.4723494750056,0,1.0,5,-1.5351582147074443,0.4167968430798287,0.15660108498175246,-0.024262686043149434,-1.2375981847597255,1571.107151514396,1571.107151514396,1599.0627374585354,retrospective_first_five_backcast_previous_season_anchor_frozen_v7_5
massa,2016,Canadian Grand Prix,Felipe Massa,Williams,Williams,8,0.010931463167672911,0.6293182192413789,2014-2016_hybrid,70,0.0,12.139999999999999,12.139999999999999,6.926,villeneuve,0.5234431940840549,open_meteo_era5_air_temperature_track_proxy,7,2016-06-12,jolpica_cross_fitted_xw_xp,0.0,20,Retired,-12.0,2.1967714555161746,8,prior_same_circuit_grid_movement,other,0.09523809523809523,False,1584.966418672929,0.0,0.5118804642451474,0.0028917198308194515,1.1337193710210658,1.2824922661078517,0.0013012739238687531,1.4171492137763322,0.19237383991617776,2.69260896480704,0.09210502024101407,0.683797772159902,7.640246784642057,0.1,0.016844242532462014,0.18315575746753798,0.0013012739238687531,1.4171492137763322,0.19237383991617776,-0.0013469773080894928,0.04499523635711142,0.005165804758528216,0.000218517152503798,0.18763250367069997,0.020951732110224865,0.5689562580465163,0.05305376919497394,0.09580563131637668,0.04995533435019801,0.09654817001679007,0.006062201686147406,0.051912498652326076,0.005319662985734011,0.006062201686147406,cross_fitted,season_grid_average,example_precomputed_capabilities,0.7219407095647259,0.0,0.0,0.10186783300252408,0.7777590109799449,0.05305376919497394,0.5689562580465163,0.2,0.44999999999999996,-0.009762812761510017,-0.09396123882004292,-0.09210502024101407,-0.5885596769218068,0.0,0.0,0.0,0.0,1584.966418672929,revised_v3_parallel,prior_similar_races_current_season_only,field_centered_bounded_no_teammate_term,felipemassa,felipe-massa,williams,williams-martini-racing,williams-fw38,williams-fw38,exact_chassis,williams-fw38,Overheating,mechanical,8.0,8,True,21.0,1:13.769,True,False,,,,False,0.5714285714285715,,0.059567985203057804,0.5467905338951616,0.11948928114196937,0.24071786249884244,0.031236914976583808,full_same_season_static_retrospective_baseline_v6,constructor_lineage_regulation_and_stability_shrunk,56.19694867505317,1641.163367347982,1706.8003603672694,0.5768861232174801,1641.7402534711996,1641.7402534711996,9f29a0d7fa5d3d46,0.3129678225554514,0.0044,,,,,,,,,,,,,,,,,0.058506179453277546,0.5467905338951616,0.11948928114196937,0.24071786249884244,0.031236914976583808,full_same_season_static_retrospective_baseline_v6,constructor_lineage_regulation_and_stability_shrunk,review,baseline_v6_topology_fallback,0.3522399518628683,0.014167982473347883,full_same_season_static_retrospective,1688.0252530126804,0.029225615657178905,20,DNF,,5465.296,70.0,,0.0,unavailable,,1.0,scheduled_distance_unavailable_assume_full,1708.441914632105,0.04695264130590898,0.0,0.0,0.0,0.0,,0.0,,0.0,0.0,0.0,-0.003121692905875607,14.79955565128326,1,0.003121692905875607,0.0,0.09523809523809523,0.09523809523809523,all_field_expected_seconds_gap_residual_same_car_crossfit_v7_4,930,21,16.0,0.7619047619047619,18.285714285714285,4.571428571428571,21.333333333333332,6.857142857142857,384.0,96.0,1687.542931367362,1536.123344159727,0,1.0,218,0.48232164531846416,0.5289855393589654,0.5784151946188543,-0.48317709938075903,0.0,1688.0252530126804,1688.0252530126804,1491.697378800304,retrospective_first_five_backcast_previous_season_anchor_frozen_v7_5
jolyon_palmer,2016,Canadian Grand Prix,Jolyon Palmer,Renault,Renault,16,0.00048568479799110826,0.18084936401220272,2014-2016_hybrid,70,0.0,12.139999999999999,12.139999999999999,6.926,villeneuve,0.5234431940840549,open_meteo_era5_air_temperature_track_proxy,7,2016-06-12,jolpica_cross_fitted_xw_xp,0.0,21,Retired,-5.0,2.1967714555161746,8,prior_same_circuit_grid_movement,other,0.04761904761904767,False,1489.279026895017,0.0,0.42698997937023897,-0.4485886214607842,-0.7627766957896707,-0.3704172963665822,-0.2018648796573529,-0.9534708697370884,-0.05556259445498733,2.69260896480704,0.009358565336753128,0.3338198139264389,14.989783907544783,0.0,0.0,0.0,-0.2018648796573529,-0.9534708697370884,-0.05556259445498733,-0.0038531684885033954,-0.01838578621131632,-0.000889765062905787,-0.020999299369709363,-0.11674220336881908,-0.0037782258218767204,0.41165566463466174,0.02786154114693353,0.005052258044590627,0.0195279154251908,0.005286775636366002,-0.00031943666038259863,-0.014795094040982771,-0.0005539542521579739,-0.00031943666038259863,cross_fitted,season_grid_average,example_precomputed_capabilities,0.7219407095647259,0.0,-2.7755575615628914e-17,0.004732821384208028,0.27013593607425657,0.02786154114693353,0.41165566463466174,0.2,0.44999999999999996,0.0046257439525451,0.06368387785218232,-0.009358565336753128,-0.2862007663073912,0.0,0.0,0.0,0.0,1489.279026895017,revised_v3_parallel,prior_similar_races_current_season_only,field_centered_bounded_no_teammate_term,jolyonpalmer,jolyon-palmer,renault,renault-sport-formula-one-team,renault-rs16,renault-rs16,exact_chassis,renault-rs16,Water leak,mechanical,17.0,17,True,11.0,1:15.459,True,False,,,,False,0.5714285714285715,,-0.20800441570572062,0.0,0.0,-0.7280233105841913,0.001961616041816468,full_same_season_static_retrospective_baseline_v6,constructor_lineage_regulation_and_stability_shrunk,-6.5025244840225085,1482.7765024109945,1535.614054365953,-0.8410756483157747,1481.9354267626786,1481.9354267626786,9f29a0d7fa5d3d46,0.3129678225554514,0.0044,,,,,,,,,,,,,,,,,-0.20864467258008668,0.0,0.0,-0.7280233105841913,0.001961616041816468,full_same_season_static_retrospective_baseline_v6,constructor_lineage_regulation_and_stability_shrunk,review,baseline_v6_topology_fallback,-0.9717389328470407,0.0003224484017771888,full_same_season_static_retrospective,1593.0089248667211,-0.11353834467053628,21,DNF,,5465.296,70.0,,0.0,unavailable,,1.0,scheduled_distance_unavailable_assume_full,1480.2316424805215,0.019519376638092258,0.0,0.0,0.0,0.0,,0.0,,0.0,0.0,0.0,0.0031171581900858386,12.58582304373355,1,-0.0031171581900858386,0.0,0.04761904761904767,0.04761904761904767,all_field_expected_seconds_gap_residual_same_car_crossfit_v7_4,930,21,16.0,0.7619047619047619,18.285714285714285,4.571428571428571,21.333333333333332,6.857142857142857,384.0,96.0,1593.8559192126884,1664.4723494750056,0,1.0,5,-0.84699434596727,0.4365967147882654,0.2752206942957144,-0.2276016466766667,0.0,1593.0089248667211,1593.0089248667211,1609.2090876807606,retrospective_first_five_backcast_previous_season_anchor_frozen_v7_5
button,2016,Canadian Grand Prix,Jenson Button,McLaren,McLaren,12,0.003504506017321122,0.47437599543382564,2014-2016_hybrid,70,0.0,12.139999999999999,12.139999999999999,6.926,villeneuve,0.5234431940840549,open_meteo_era5_air_temperature_track_proxy,7,2016-06-12,jolpica_cross_fitted_xw_xp,0.0,22,Power Unit,-10.0,2.1967714555161746,8,prior_same_circuit_grid_movement,mechanical,,False,1685.6211895095907,0.0,0.5987366990348714,0.47780956893927695,-1.0727839534378023,-1.6044776455444967,0.21501430602267463,-1.340979941797253,-0.2406716468316745,2.69260896480704,0.011998966226724765,0.37957636200825223,14.028896397826705,0.0,0.0,0.0,0.21501430602267463,-1.340979941797253,-0.2406716468316745,0.00022740602533796435,-0.029870323783329517,-0.003416928806165081,0.03006902453214403,-0.20624766669628056,-0.02476673209673468,0.4900963178517314,0.03844684347805007,0.004483380065118172,0.032435932753513474,0.006623026806316657,0.0009036168487752665,-0.027048935839620036,-0.0012360298924232191,0.0009036168487752665,cross_fitted,season_grid_average,example_precomputed_capabilities,0.7219407095647259,0.0,-2.7755575615628914e-17,0.005386996913893438,0.2891509435908602,0.03844684347805007,0.4900963178517314,0.2,0.44999999999999996,0.006611969312831327,0.09042541841739205,-0.011998966226724765,,0.0,0.0,0.0,0.0,1685.6211895095907,revised_v3_parallel,prior_similar_races_current_season_only,field_centered_bounded_no_teammate_term,jensonbutton,jenson-button,mclaren,mclaren-honda-formula-1-team,mclaren-mp4-31,mclaren-mp4-31,exact_chassis,mclaren-mp4-31,Engine,mechanical,12.0,12,True,16.0,1:14.437,True,False,,,,False,0.5714285714285715,,-0.024733335010089195,-0.5394163615914962,0.11948928114196937,-0.1368079972056058,0.010622296701072512,full_same_season_static_retrospective_baseline_v6,constructor_lineage_regulation_and_stability_shrunk,24.432154187654998,1710.0533436972457,1641.2148561446222,-0.7647443735293006,1709.2885993237164,1709.2885993237164,9f29a0d7fa5d3d46,0.3129678225554514,0.0044,,,,,,,,,,,,,,,,,-0.025420766233814958,-0.5394163615914962,0.11948928114196937,-0.1368079972056058,0.010622296701072512,full_same_season_static_retrospective_baseline_v6,constructor_lineage_regulation_and_stability_shrunk,review,baseline_v6_topology_fallback,-0.12976427358517487,0.003574515825577702,full_same_season_static_retrospective,1652.008487654271,0.02880224648426524,22,DNF,,5465.296,70.0,,0.0,unavailable,,1.0,scheduled_distance_unavailable_assume_full,1643.4074277877726,0.036561903861255275,0.0,0.0,0.0,0.0,,0.0,,0.0,0.0,0.0,-0.00851149477187741,13.20739294856078,2,0.00851149477187741,0.0,,,all_field_expected_seconds_gap_residual_same_car_crossfit_v7_4,930,21,16.0,0.7619047619047619,18.285714285714285,4.571428571428571,21.333333333333332,6.857142857142857,384.0,96.0,1652.1594959210706,1531.028435844046,0,1.0,244,-0.15100826679974722,0.49388782537848186,0.5160377098764118,,0.0,1652.008487654271,1652.008487654271,1578.6650817140771,retrospective_first_five_backcast_previous_season_anchor_frozen_v7_5
